m1 m2 m3 m1m2 m1m3 m2m3 m1m2m3 uH
m1 0 0.9900 0.9850 0.4951 0.4900 0.9949 0.9783 4.9333
m2 0.9900 0 0.0100 0.4951 0.5001 0.0098 0.0146 2.0196
m3 0.9850 0.0100 0 0.4903 0.4954 0.0198 0.0186 2.0190
m1,m2 0.4951 0.4951 0.4903 0 0.0051 0.4999 0.4833 2.4687
m1,m3 0.4900 0.5001 0.4954 0.0051 0 0.5050 0.4883 2.4839
m2,m3 0.9949 0.0098 0.0198 0.4999 0.5050 0 0.0166 2.0459
m1,m2,m3 0.9783 0.0146 0.0186 0.4833 0.4883 0.0166 0 1.9997